7 0.00041746843333333335 2.1556879259521189 0 30.0 140Mb 60Mb
7 0.00041799029032258078 1.8944714362090882 0 31.0 140Mb 60Mb
7 0.00041828881250000012 2.2123773216074856 0 32.0 140Mb 60Mb
8 0.00064197265624999997 2.2144707647530875 0 32.0 160Mb 60Mb
8 0.00064324294117647056 2.0341229547201167 0 34.0 160Mb 60Mb
8 0.0006417121944444445 1.780498426239407 0 36.0 160Mb 60Mb
8 0.00064255089473684178 1.6264181369253981 0 38.0 160Mb 60Mb
9 0.00087306121874999995 2.5150201167518094 0 32.0 180Mb 60Mb
9 0.00087180188235294099 2.4719143966396122 0 34.0 180Mb 60Mb
9 0.00087416091666666675 2.1495784564903677 0 36.0 180Mb 60Mb
9 0.00087205339473684187 1.8312505381228965 0 38.0 180Mb 60Mb
10 0.0011046784374999998 2.4851201788384043 0 32.0 200Mb 60Mb
10 0.0011080014705882352 2.1060201045264773 0 34.0 200Mb 60Mb
10 0.0011063599999999996 2.0369404376637852 0 36.0 200Mb 60Mb
10 0.0011081489473684209 2.0725922938412022 0 38.0 200Mb 60Mb
11 0.00134615 1.9436871483486373 0 40.0 220Mb 60Mb
11 0.0013427666666666665 2.0867378500209179 0 42.0 220Mb 60Mb
11 0.001343060909090909 1.9449743586175749 0 44.0 220Mb 60Mb
11 0.0013420954347826088 2.0578761931589273 0 46.0 220Mb 60Mb
12 0.00158539025 2.1937262235916766 0 40.0 240Mb 60Mb
12 0.0015849633333333334 2.3257200760275509 0 42.0 240Mb 60Mb
12 0.0015821413636363639 1.9205350992106067 0 44.0 240Mb 60Mb
12 0.0015823643478260867 1.9978453639373177 0 46.0 240Mb 60Mb
